0 0 0 0 0 0 0 0 0 0 0 0 0 0 0 0 0 0 0 0 0 0 0 0 0 0 0 0 0 0 0 0 0 0 0 0 0 0 0 0 0 0 0 0 0 0 0 0 0 0 0 0 0 0 0
0 0 0 0 0 0 0 0 0 0 0 0 0 0 0 0 0 0 0 0 0 0 0 0 0 0 0 0 0 0 0 0 0 0 0 0 0 0 0 0 0 0 0 0 0 0 0 0 0 0 0 0 0 0 0
0 0 0 0 0 0 0 0 0 0 0 0 0 0 0 0 0 0 0 0 0 0 0 0 0 0 0 0 0 0 0 0 0 0 0 0 0 0 0 0 0 0 0 0 0 0 0 0 0 0 0 0 0 0 0
0 0 0 0 0 0 0 0 0 0 0 0 0 0 0 0 0 0 0 0 0 0 0 0 0 0 0 0 0 0 0 0 0 0 0 0 0 0 0 0 0 0 0 0 0 0 0 0 0 0 0 0 0 0 0
0 0 0 0 0 0 0 0 0 0 0 0 0 0 0 0 0 0 0 0 0 0 0 0 0 0 0 0 0 0 0 0 0 0 0 0 0 0 0 0 0 0 0 0 0 0 0 0 0 0 0 0 0 0 0
0 0 0 0 0 0 0 0 0 0 0 0 0 0 0 0 70 36 36 36 36 37 0 0 0 0 0 0 0 0 0 0 0 0 0 0 0 0 0 0 0 0 0 0 0 0 0 0 0 0 0 0 0 0 0
0 0 0 0 0 0 0 0 0 0 0 99 99 99 99 99 99 99 99 99 99 70 36 36 36 37 0 0 0 0 0 0 0 0 0 0 0 0 0 0 0 0 0 0 0 0 0 0 0 0 0 0 0 0 0
0 0 0 0 0 0 0 0 0 99 99 99 99 99 99 99 99 99 99 99 99 99 99 99 99 70 37 0 0 0 0 0 0 0 0 0 0 0 0 0 0 0 0 0 0 0 0 0 0 0 0 0 0 0 0
0 0 0 0 0 0 0 0 99 99 99 99 99 99 99 99 99 100 99 99 99 99 99 99 99 99 70 36 37 0 0 0 0 0 0 0 0 0 0 0 0 0 0 0 0 0 0 0 0 0 0 0 0 0 0
0 0 0 0 0 0 99 99 99 99 0 0 0 0 99 99 99 99 99 99 99 99 99 99 99 99 99 99 70 36 37 0 0 0 0 0 0 0 0 0 0 0 0 0 0 0 0 0 0 0 0 0 0 0 0
0 0 0 0 0 99 99 99 67 99 0 0 0 0 0 99 99 99 99 99 38 131 39 99 99 99 99 99 99 99 69 0 0 0 0 0 0 0 0 0 0 0 0 0 0 0 0 0 0 0 0 0 0 0 0
0 0 0 0 0 99 99 99 99 99 0 0 0 0 0 0 99 99 99 99 69 0 66 99 99 99 99 67 99 99 70 37 0 0 0 0 0 0 0 0 0 0 0 0 0 0 0 0 0 0 0 0 0 0 0
0 0 0 0 99 99 99 99 99 99 0 0 0 0 0 0 99 99 99 99 70 35 71 99 99 99 99 99 99 99 99 70 37 0 0 0 0 0 0 0 0 0 0 0 0 0 0 0 0 0 0 0 0 0 0
0 0 0 0 99 99 99 99 99 0 0 0 0 0 0 0 99 99 99 99 99 99 99 99 99 99 99 99 38 131 39 99 70 37 0 0 0 0 0 0 0 0 0 0 0 0 0 0 0 0 0 0 0 0 0
0 0 0 0 0 99 99 99 99 0 0 0 0 0 0 0 99 99 99 99 99 99 99 99 99 99 99 99 69 0 66 99 99 70 36 37 0 0 0 0 0 0 0 0 0 0 0 0 0 0 0 0 0 0 0
0 0 0 0 99 99 99 99 99 0 0 0 0 0 0 0 99 99 99 99 99 67 99 99 99 99 99 99 70 35 71 99 99 99 99 70 37 0 0 0 0 0 0 0 0 0 0 0 0 0 0 0 0 0 0
0 0 0 0 99 99 100 99 0 0 0 0 0 0 0 0 0 99 99 99 99 99 99 99 99 99 99 99 99 99 99 99 99 99 99 99 70 37 0 0 0 0 0 0 0 0 0 0 0 0 0 0 0 0 0
0 0 0 0 99 99 99 99 0 0 0 0 0 0 0 0 0 99 99 99 99 38 131 39 99 99 99 99 99 99 99 99 67 99 99 99 99 70 36 36 36 36 37 0 0 0 0 0 0 0 0 0 0 0 0
0 0 0 0 99 99 99 99 0 0 0 0 0 0 0 0 0 99 99 99 99 69 0 66 99 99 99 99 99 99 99 99 99 99 99 99 99 99 99 99 99 99 70 36 37 0 0 0 0 0 0 0 0 0 0
0 0 0 0 99 99 99 99 0 0 0 0 0 0 0 0 0 0 99 99 99 70 35 71 99 99 99 99 99 99 99 99 99 99 99 99 99 0 0 0 0 0 99 99 70 36 37 0 0 0 0 0 0 0 0
0 0 0 99 99 99 99 99 0 0 0 0 0 0 0 0 0 0 0 0 99 99 99 99 99 99 99 99 99 99 67 99 99 99 99 99 99 0 0 0 0 0 0 0 0 0 0 0 0 0 0 0 0 0 0
0 0 0 68 99 99 99 99 0 0 0 0 0 0 0 0 0 0 0 0 0 0 0 99 99 99 99 99 99 99 99 99 99 99 100 99 38 0 0 0 0 0 0 0 0 0 0 0 0 0 0 0 0 0 0
0 0 0 99 99 99 99 99 0 0 0 0 0 0 0 0 0 0 0 0 0 0 0 0 0 99 99 99 99 99 99 99 99 99 99 99 69 0 0 0 0 0 0 0 0 0 0 0 0 0 0 0 0 0 0
0 0 0 99 99 99 99 99 0 0 0 0 0 0 0 0 0 0 0 0 0 0 0 0 0 0 0 99 99 100 99 99 99 99 99 99 69 0 0 0 0 0 0 0 0 0 0 0 0 0 0 0 0 0 0
0 0 0 99 99 100 99 99 0 0 0 0 0 0 0 0 0 0 0 0 0 0 0 0 0 0 0 99 99 99 99 99 99 99 99 99 69 0 0 0 0 0 0 0 0 0 0 0 0 0 0 0 0 0 0
0 0 0 99 99 99 99 99 0 0 0 0 0 0 0 0 0 0 0 0 0 0 0 0 0 0 0 0 99 99 99 99 99 99 99 99 69 0 0 0 0 0 34 35 35 35 35 35 37 0 0 0 0 0 0
0 0 0 99 99 99 99 99 0 0 0 0 0 0 0 0 0 0 0 0 0 0 0 0 0 0 0 0 99 99 99 99 99 99 99 99 70 37 0 0 0 34 71 99 99 99 99 99 70 37 0 0 0 0 0
0 0 0 99 99 99 99 99 0 0 0 0 0 0 0 0 0 0 0 0 0 0 0 0 0 0 0 0 99 99 99 99 99 99 99 99 99 70 0 0 0 71 99 68 99 99 99 99 99 69 0 0 0 0 0
0 0 0 99 99 99 99 99 0 0 0 0 0 0 0 0 0 0 0 0 0 0 0 0 0 0 0 0 99 99 99 99 99 99 99 99 99 99 0 0 0 99 99 99 99 99 99 99 99 101 0 0 0 0 0
0 0 0 99 99 67 99 99 0 0 0 0 0 0 0 0 0 0 0 0 0 0 0 0 0 0 0 0 99 99 99 99 99 99 99 99 99 38 0 0 0 39 99 99 99 99 99 99 99 69 0 0 0 0 0
0 0 0 99 99 99 99 99 0 0 0 0 0 0 0 0 0 0 0 0 0 0 0 0 0 0 0 0 99 99 99 99 99 67 99 99 99 101 0 0 0 98 99 99 99 99 99 67 99 101 0 0 0 0 0
0 0 0 38 131 39 99 99 99 0 0 0 0 0 0 0 0 0 0 0 0 0 0 0 0 0 0 99 99 99 99 99 99 99 99 99 99 0 0 0 0 0 99 99 99 99 99 99 99 0 0 0 0 0 0
0 0 0 69 0 66 99 99 99 0 0 0 0 0 0 0 0 0 0 0 0 0 0 0 0 0 0 99 99 99 99 99 99 99 99 99 38 0 0 0 0 0 0 0 0 0 0 0 0 0 0 0 0 0 0
0 0 0 70 35 71 99 99 99 0 0 0 0 0 0 0 0 0 0 0 0 0 0 0 0 0 0 99 99 99 99 99 99 99 99 99 101 0 0 0 0 0 0 0 0 0 0 0 0 0 0 0 0 0 0
0 0 0 99 99 99 99 99 99 0 0 0 0 0 0 0 0 0 0 0 0 0 0 0 0 0 99 99 99 99 100 99 99 99 99 99 101 0 0 0 0 0 0 0 0 0 0 0 0 0 0 0 0 0 0
0 0 0 0 99 99 99 99 99 0 0 0 0 0 0 0 0 0 0 0 0 0 0 0 0 99 99 99 99 99 99 99 99 99 99 99 101 0 0 0 0 0 0 0 0 0 0 0 0 0 0 0 0 0 0
0 0 0 0 99 99 68 99 99 0 0 0 0 0 0 0 0 0 0 0 0 0 0 0 99 99 99 99 99 99 99 99 99 99 99 99 101 0 0 0 0 0 0 0 0 0 0 0 0 0 0 0 0 0 0
0 0 0 0 99 99 99 99 99 99 0 0 0 0 0 0 0 0 0 0 0 0 99 99 99 99 99 99 99 99 99 38 131 39 99 99 101 0 0 0 0 0 34 35 35 35 35 35 37 0 0 0 0 0 0
0 0 0 0 0 99 99 99 99 99 0 0 0 0 0 0 0 0 0 99 99 99 99 99 99 99 99 99 99 99 99 69 0 66 99 99 70 35 36 36 35 36 99 38 0 0 0 0 0 0 0 0 0 0 0
0 0 0 0 0 99 99 100 99 99 99 0 0 99 99 99 99 99 99 99 99 99 99 99 99 99 99 99 100 99 99 70 35 71 99 99 99 99 99 99 99 38 0 0 0 0 0 0 0 0 0 0 0 0 0
0 0 0 0 0 0 99 99 99 99 99 99 99 99 99 99 68 99 99 99 99 99 67 99 99 99 99 99 99 99 99 99 99 99 99 99 99 99 99 38 0 0 0 0 0 0 0 0 0 0 0 0 0 0 0
0 0 0 0 0 0 99 99 99 68 99 99 99 99 99 99 99 99 99 99 99 99 99 99 99 99 67 99 99 99 99 99 99 99 99 99 38 0 0 0 0 0 0 0 0 0 0 0 0 0 0 0 0 0 0
0 0 0 0 0 0 0 99 99 99 99 99 99 99 99 99 99 99 99 99 99 99 99 99 99 99 99 99 38 0 39 99 99 99 99 38 0 0 0 0 0 0 0 0 0 0 0 0 0 0 0 0 0 0 0
0 0 0 0 0 0 0 99 99 99 99 0 99 99 99 99 99 99 99 99 99 38 0 0 0 0 0 0 0 0 0 0 0 0 0 0 0 0 0 0 0 0 0 0 0 0 0 0 0 0 0 0 0 0 0
0 0 0 0 0 0 0 99 99 99 99 99 99 99 99 99 99 99 38 0 0 0 0 0 0 0 0 0 0 0 0 0 0 0 0 0 0 0 0 0 0 0 0 0 0 0 0 0 0 0 0 0 0 0 0
0 0 0 0 0 0 0 0 99 99 38 131 39 99 38 0 0 0 0 0 0 0 0 0 0 0 0 0 0 0 0 0 0 0 0 0 0 0 0 0 0 0 0 0 0 0 0 0 0 0 0 0 0 0 0
0 0 0 0 0 0 0 0 99 99 69 0 66 38 0 0 0 0 0 0 0 0 0 0 0 0 0 0 0 0 0 0 0 0 0 0 0 0 0 0 0 0 0 0 0 0 0 0 0 0 0 0 0 0 0
0 0 0 0 0 0 0 0 0 99 70 35 0 0 0 0 0 0 0 0 0 0 0 0 0 0 0 0 0 0 0 0 0 0 0 0 0 0 0 0 0 0 0 0 0 0 0 0 0 0 0 0 0 0 0
0 0 0 0 0 0 0 0 0 0 0 0 0 0 0 0 0 0 0 0 0 0 0 0 0 0 0 0 0 0 0 0 0 0 0 0 0 0 0 0 0 0 0 0 0 0 0 0 0 0 0 0 0 0 0
0 0 0 0 0 0 0 0 0 0 0 0 0 0 0 0 0 0 0 0 0 0 0 0 0 0 0 0 0 0 0 0 0 0 0 0 0 0 0 0 0 0 0 0 0 0 0 0 0 0 0 0 0 0 0
0 0 0 0 0 0 0 0 0 0 0 0 0 0 0 0 0 0 0 0 0 0 0 0 0 0 0 0 0 0 0 0 0 0 0 0 0 0 0 0 0 0 0 0 0 0 0 0 0 0 0 0 0 0 0
0 0 0 0 0 0 0 0 0 0 0 0 0 0 0 0 0 0 0 0 0 0 0 0 0 0 0 0 0 0 0 0 0 0 0 0 0 0 0 0 0 0 0 0 0 0 0 0 0 0 0 0 0 0 0
0 0 0 0 0 0 0 0 0 0 0 0 0 0 0 0 0 0 0 0 0 0 0 0 0 0 0 0 0 0 0 0 0 0 0 0 0 0 0 0 0 0 0 0 0 0 0 0 0 0 0 0 0 0 0
0 0 0 0 0 0 0 0 0 0 0 0 0 0 0 0 0 0 0 0 0 0 0 0 0 0 0 0 0 0 0 0 0 0 0 0 0 0 0 0 0 0 0 0 0 0 0 0 0 0 0 0 0 0 0
0 0 0 0 0 0 0 0 0 0 0 0 0 0 0 0 0 0 0 0 0 0 0 0 0 0 0 0 0 0 0 0 0 0 0 0 0 0 0 0 0 0 0 0 0 0 0 0 0 0 0 0 0 0 0
