0 0 0 0 0 0 0 0 0 0 0 0 0 0 0 0 0 0 0 0 0 0 0 0 0 0 0 0 0 0 0 0 0 0 0 0 0 0 0 0 0 0 0 0 0 0 0 0 0 0 0 0 0 0 0
0 0 0 0 0 0 0 0 0 0 0 0 0 0 0 0 0 0 0 0 0 0 0 0 0 0 0 0 0 0 0 0 0 0 0 0 0 0 0 0 0 0 0 0 0 0 0 0 0 0 0 0 0 0 0
0 0 0 0 0 0 0 0 0 0 0 0 0 0 0 0 0 0 0 0 0 0 0 0 0 0 0 0 0 0 0 0 0 0 0 0 0 0 0 0 0 0 0 0 0 0 0 0 0 0 0 0 0 0 0
0 0 0 0 0 0 0 0 0 0 0 0 0 0 0 0 0 0 0 0 0 0 0 0 0 0 0 0 0 0 0 0 0 0 0 0 0 0 0 0 0 0 0 0 0 0 0 0 0 0 0 0 0 0 0
0 0 0 0 0 0 0 0 0 0 0 0 0 0 0 132 132 131 131 131 131 131 39 0 0 0 0 0 0 0 0 0 0 0 0 0 0 0 0 0 0 0 0 0 0 0 0 0 0 0 0 0 0 0 0
0 0 0 0 0 0 0 0 0 0 0 0 0 0 0 0 0 0 0 0 0 0 130 131 131 131 39 0 0 0 0 0 0 0 0 0 0 0 0 0 0 0 0 0 0 0 0 0 0 0 0 0 0 0 0
0 0 0 0 0 0 0 0 7 7 7 7 7 7 7 7 0 0 0 0 0 0 0 0 0 0 130 39 0 0 0 0 0 0 0 0 0 0 0 0 0 0 0 0 0 0 0 0 0 0 0 0 0 0 0
0 0 0 0 0 0 0 0 7 7 0 0 0 0 0 0 0 0 0 0 0 0 0 0 0 0 0 130 132 39 0 0 0 0 0 0 0 0 0 0 0 0 0 0 0 0 0 0 0 0 0 0 0 0 0
0 0 0 0 0 0 0 7 7 0 0 0 0 0 0 0 0 0 0 0 0 0 0 0 0 0 0 0 0 130 132 39 0 0 0 0 0 0 0 0 0 0 0 0 0 0 0 0 0 0 0 0 0 0 0
0 0 0 0 0 7 7 7 0 0 643 644 645 647 0 0 0 0 0 0 0 0 0 0 0 0 0 0 0 0 0 98 0 0 0 0 0 0 0 0 0 0 0 0 0 0 0 0 0 0 0 0 0 0 0
0 0 0 0 0 7 0 0 0 0 675 778 778 743 647 0 0 0 0 0 0 0 0 0 0 0 0 0 0 0 0 130 39 0 0 0 0 0 0 0 0 0 0 0 0 0 0 0 0 0 0 0 0 0 0
0 0 0 0 7 7 0 0 0 0 675 778 778 778 743 647 0 0 0 0 0 258 0 0 0 0 0 0 0 0 0 0 130 39 0 0 0 0 0 0 0 0 0 0 0 0 0 0 0 0 0 0 0 0 0
0 0 0 0 7 0 0 0 0 0 675 778 778 778 778 679 0 0 0 0 0 0 0 0 0 0 0 0 0 0 0 0 0 130 39 0 0 0 0 0 0 0 0 0 0 0 0 0 0 0 0 0 0 0 0
0 0 0 0 6 0 0 0 0 643 739 778 778 778 778 679 0 0 0 0 0 0 0 0 0 0 0 0 0 0 0 0 0 0 130 132 39 0 0 0 0 0 0 0 0 0 0 0 0 0 0 0 0 0 0
0 0 0 0 6 0 0 0 0 675 778 778 778 778 778 679 0 0 0 0 0 0 0 0 0 0 0 0 0 258 0 0 0 0 0 0 130 39 0 0 0 0 0 0 0 0 0 0 0 0 0 0 0 0 0
0 0 0 0 6 0 0 0 0 707 778 684 778 778 778 679 0 0 0 0 0 0 0 0 0 0 0 0 0 0 0 0 0 0 0 0 0 130 39 0 0 0 0 0 0 0 0 0 0 0 0 0 0 0 0
0 0 0 0 6 0 0 0 643 739 778 778 778 778 778 743 647 0 0 0 0 0 0 0 0 0 0 0 0 0 0 0 0 0 0 0 0 0 130 132 132 132 132 39 0 0 0 0 0 0 0 0 0 0 0
0 0 0 6 6 0 0 0 675 778 778 778 778 778 778 778 679 0 0 0 0 0 0 0 0 0 0 0 0 0 0 0 0 0 0 0 0 0 0 0 0 0 0 130 132 39 0 0 0 0 0 0 0 0 0
0 0 0 6 6 0 0 0 675 778 778 778 778 778 778 778 679 0 0 0 0 0 258 0 0 0 0 0 0 0 0 0 0 0 0 0 0 0 0 0 0 0 0 0 0 130 132 39 0 0 0 0 0 0 0
0 0 0 6 6 0 0 0 675 778 778 778 778 778 778 778 743 647 0 0 0 0 0 0 0 0 0 0 0 0 0 0 0 0 0 0 0 194 49 258 49 194 0 0 0 0 0 130 132 194 49 258 49 194 0
0 0 0 6 6 0 0 0 675 778 153 702 703 156 778 778 778 778 744 647 0 0 0 0 0 0 0 0 0 0 0 0 0 0 0 0 0 80 106 106 106 82 48 49 49 49 49 49 50 80 106 106 106 82 0
0 0 0 6 0 0 0 0 707 778 185 734 735 188 778 778 778 778 778 743 744 645 647 0 0 0 0 0 0 0 0 0 0 0 0 0 0 258 106 106 75 258 107 107 107 107 107 107 107 258 106 106 75 258 0
0 0 0 6 0 0 0 0 675 778 217 218 219 220 778 778 778 778 778 778 778 778 743 744 647 0 0 0 0 0 0 0 0 0 0 0 0 80 75 107 74 82 112 113 113 113 113 113 114 80 75 107 74 82 0
0 0 0 6 0 0 0 0 675 778 778 778 778 778 778 778 778 778 684 778 778 778 778 778 778 744 647 0 0 0 0 0 0 0 0 0 0 194 113 258 113 194 238 239 240 239 240 239 240 194 113 258 113 194 0
0 0 0 6 0 0 0 0 675 778 778 677 778 778 778 778 778 778 778 778 778 778 778 778 778 778 778 0 0 0 0 0 0 0 0 0 0 238 48 107 50 238 270 271 272 271 272 271 272 240 48 107 50 0 0
0 0 6 6 0 0 0 0 707 778 778 778 778 778 778 778 778 778 778 778 778 778 778 778 778 778 778 647 0 0 0 0 0 0 0 0 0 270 80 107 82 270 0 0 0 0 0 0 0 272 80 107 82 0 0
0 0 6 6 0 0 0 0 675 778 778 778 778 778 778 778 778 778 778 778 778 778 677 778 778 778 778 679 0 0 0 0 0 0 0 0 0 0 80 107 82 0 0 0 0 0 0 0 0 0 80 107 82 0 0
0 0 6 6 0 0 0 0 707 778 778 778 778 778 778 778 778 778 778 778 778 778 778 778 778 778 778 679 0 0 0 0 0 0 0 0 0 0 0 0 0 0 0 975 976 977 978 979 980 0 80 107 82 0 0
0 0 6 6 0 0 0 0 675 778 778 778 778 778 778 778 258 611 778 778 778 778 778 778 778 778 778 711 0 0 0 0 0 0 0 0 0 0 0 0 0 0 0 1007 1008 1009 1010 1011 1012 0 80 107 82 0 0
0 0 6 6 0 0 0 0 675 778 778 778 778 778 778 778 744 746 711 34 37 611 778 778 778 778 778 679 0 0 0 0 0 0 0 0 0 0 80 107 82 0 0 1039 1040 1041 1042 1043 1044 0 80 107 82 0 0
0 0 6 6 0 0 0 0 707 778 778 684 778 778 778 778 778 778 743 66 69 707 778 778 778 778 778 711 0 0 0 0 0 0 0 0 0 0 112 107 114 0 0 1071 1072 1073 1074 1075 1076 0 112 107 114 0 0
0 0 6 6 0 0 0 0 0 618 778 778 778 778 778 778 679 34 35 100 101 675 778 778 778 778 679 0 0 0 0 0 0 0 0 0 0 194 49 258 49 194 0 1103 1104 1105 1106 1107 1108 194 49 258 49 194 0
0 0 6 6 258 0 0 0 0 675 778 778 778 778 778 778 711 130 131 132 133 707 778 778 778 778 711 0 0 0 0 0 0 0 0 0 0 80 106 106 106 82 48 49 49 49 49 49 50 80 106 106 106 82 0
0 0 6 6 0 0 0 0 0 707 778 778 778 778 778 778 743 744 645 646 644 739 684 778 778 778 679 0 0 0 0 0 0 0 0 0 0 258 106 106 75 258 107 107 107 107 107 107 107 258 106 106 75 258 0
0 0 6 6 0 0 0 0 0 675 778 778 778 778 778 778 778 778 778 778 778 778 778 778 778 711 0 0 0 0 0 0 0 0 0 0 0 80 75 107 74 82 112 113 113 113 113 113 114 80 75 107 74 82 0
0 0 0 6 6 0 0 0 0 707 778 778 778 778 778 778 778 778 778 778 778 778 778 778 679 0 0 0 0 0 0 0 0 0 0 0 0 194 113 258 113 194 238 239 240 239 240 239 240 194 113 258 113 194 0
0 0 0 6 6 0 0 0 0 707 778 778 778 677 778 778 778 778 778 778 778 778 778 711 0 0 0 0 0 0 0 0 0 0 0 0 0 238 239 240 239 240 270 271 272 271 272 271 272 239 240 240 239 240 0
0 0 0 0 6 0 0 0 0 0 618 778 778 778 778 778 778 778 778 778 778 679 0 0 0 0 0 0 0 0 0 0 0 0 0 0 0 270 271 272 271 272 34 35 35 35 35 35 37 271 272 272 271 272 0
0 0 0 0 6 6 0 0 0 0 707 778 778 778 778 778 778 778 711 0 0 0 0 0 0 0 0 0 0 0 0 0 258 0 0 0 0 0 0 0 0 0 0 0 132 0 0 0 0 0 0 0 0 0 0
0 0 0 0 6 6 0 0 0 0 0 618 711 0 0 0 0 0 0 0 0 0 0 0 0 0 0 0 0 0 0 0 0 0 0 0 0 0 0 0 0 0 132 133 0 0 0 0 0 0 0 0 0 0 0
0 0 0 0 0 6 6 0 0 0 0 0 0 0 0 0 0 0 0 0 0 0 0 0 0 0 0 0 0 0 0 0 0 0 0 0 0 0 0 0 132 133 0 0 0 0 0 0 0 0 0 0 0 0 0
0 0 0 0 0 6 6 0 0 0 0 0 0 0 0 0 0 0 0 0 0 0 0 0 0 0 0 0 0 0 0 0 0 0 0 0 0 132 132 133 0 0 0 0 0 0 0 0 0 0 0 0 0 0 0
0 0 0 0 0 0 6 0 0 0 0 0 0 0 0 0 0 0 0 0 0 0 0 0 0 0 0 0 0 132 0 0 0 0 0 0 133 0 0 0 0 0 0 0 0 0 0 0 0 0 0 0 0 0 0
0 0 0 0 0 0 6 6 0 0 0 551 0 0 0 0 0 0 0 0 0 0 132 132 132 132 132 132 133 0 130 132 132 132 132 133 0 0 0 0 0 0 0 0 0 0 0 0 0 0 0 0 0 0 0
0 0 0 0 0 0 6 6 0 0 0 0 0 0 0 0 0 0 0 132 132 133 0 0 0 0 0 0 0 0 0 0 0 0 0 0 0 0 0 0 0 0 0 0 0 0 0 0 0 0 0 0 0 0 0
0 0 0 0 0 0 0 6 0 0 0 0 0 0 0 132 132 132 133 0 0 0 0 0 0 0 0 0 0 0 0 0 0 0 0 0 0 0 0 0 0 0 0 0 0 0 0 0 0 0 0 0 0 0 0
0 0 0 0 0 0 0 6 6 0 0 258 0 0 133 0 0 0 0 0 0 0 0 0 0 0 0 0 0 0 0 0 0 0 0 0 0 0 0 0 0 0 0 0 0 0 0 0 0 0 0 0 0 0 0
0 0 0 0 0 0 0 0 6 6 0 0 103 133 0 0 0 0 0 0 0 0 0 0 0 0 0 0 0 0 0 0 0 0 0 0 0 0 0 0 0 0 0 0 0 0 0 0 0 0 0 0 0 0 0
0 0 0 0 0 0 0 0 0 0 132 132 0 0 0 0 0 0 0 0 0 0 0 0 0 0 0 0 0 0 0 0 0 0 0 0 0 0 0 0 0 0 0 0 0 0 0 0 0 0 0 0 0 0 0
0 0 0 0 0 0 0 0 0 0 0 0 0 0 0 0 0 0 0 0 0 0 0 0 0 0 0 0 0 0 0 0 0 0 0 0 0 0 0 0 0 0 0 0 0 0 0 0 0 0 0 0 0 0 0
0 0 0 0 0 0 0 0 0 0 0 0 0 0 0 0 0 0 0 0 0 0 0 0 0 0 0 0 0 0 0 0 0 0 0 0 0 0 0 0 0 0 0 0 0 0 0 0 0 0 0 0 0 0 0
0 0 0 0 0 0 0 0 0 0 0 0 0 0 0 0 0 0 0 0 0 0 0 0 0 0 0 0 0 0 0 0 0 0 0 0 0 0 0 0 0 0 0 0 0 0 0 0 0 0 0 0 0 0 0
0 0 0 0 0 0 0 0 0 0 0 0 0 0 0 0 0 0 0 0 0 0 0 0 0 0 0 0 0 0 0 0 0 0 0 0 0 0 0 0 0 0 0 0 0 0 0 0 0 0 0 0 0 0 0
0 0 0 0 0 0 0 0 0 0 0 0 0 0 0 0 0 0 0 0 0 0 0 0 0 0 0 0 0 0 0 0 0 0 0 0 0 0 0 0 0 0 0 0 0 0 0 0 0 0 0 0 0 0 0
0 0 0 0 0 0 0 0 0 0 0 0 0 0 0 0 0 0 0 0 0 0 0 0 0 0 0 0 0 0 0 0 0 0 0 0 0 0 0 0 0 0 0 0 0 0 0 0 0 0 0 0 0 0 0
